{
  "nbformat": 4,
  "nbformat_minor": 0,
  "metadata": {
    "colab": {
      "name": "joint_probability_network.ipynb",
      "provenance": [],
      "collapsed_sections": [],
      "authorship_tag": "ABX9TyNzaYfaqVakkP/uw9gjI/Sp",
      "include_colab_link": true
    },
    "kernelspec": {
      "name": "python3",
      "display_name": "Python 3"
    },
    "language_info": {
      "name": "python"
    },
    "accelerator": "GPU"
  },
  "cells": [
    {
      "cell_type": "markdown",
      "metadata": {
        "id": "view-in-github",
        "colab_type": "text"
      },
      "source": [
        "<a href=\"https://colab.research.google.com/github/hihohub/umbrella-networks/blob/main/joint_probability_network.ipynb\" target=\"_parent\"><img src=\"https://colab.research.google.com/assets/colab-badge.svg\" alt=\"Open In Colab\"/></a>"
      ]
    },
    {
      "cell_type": "markdown",
      "source": [
        "JOINT PROBABILITY NETWORK\n",
        "- using just one folder structure (hierarchical for an umbrella network), the program also makes a general softmax model (levels = 0) from the bottom level folders, then combines the predictions of the general model with the predictions of the top level umbrella model\n",
        "- their predictions are combined with joint probability multiplication"
      ],
      "metadata": {
        "id": "6byVtOsXVqQ8"
      }
    },
    {
      "cell_type": "code",
      "execution_count": 1,
      "metadata": {
        "colab": {
          "base_uri": "https://localhost:8080/"
        },
        "id": "ONDnQ-hJUJlF",
        "outputId": "3e730430-f5f6-4be4-d511-7962e2270adf"
      },
      "outputs": [
        {
          "output_type": "stream",
          "name": "stdout",
          "text": [
            "Mounted at /content/drive\n"
          ]
        }
      ],
      "source": [
        "from google.colab import drive\n",
        "drive.mount(\"/content/drive\")"
      ]
    },
    {
      "cell_type": "code",
      "source": [
        "! wget https://raw.githubusercontent.com/hihohub/umbrella-networks/main/umbrella.py"
      ],
      "metadata": {
        "colab": {
          "base_uri": "https://localhost:8080/"
        },
        "id": "hGDve97aaf5o",
        "outputId": "cee601a0-e678-4d7b-dca0-9e130e3d2c00"
      },
      "execution_count": 2,
      "outputs": [
        {
          "output_type": "stream",
          "name": "stdout",
          "text": [
            "--2022-04-16 04:35:23--  https://raw.githubusercontent.com/hihohub/umbrella-networks/main/umbrella.py\n",
            "Resolving raw.githubusercontent.com (raw.githubusercontent.com)... 185.199.111.133, 185.199.110.133, 185.199.108.133, ...\n",
            "Connecting to raw.githubusercontent.com (raw.githubusercontent.com)|185.199.111.133|:443... connected.\n",
            "HTTP request sent, awaiting response... 200 OK\n",
            "Length: 48184 (47K) [text/plain]\n",
            "Saving to: ‘umbrella.py’\n",
            "\n",
            "\rumbrella.py           0%[                    ]       0  --.-KB/s               \rumbrella.py         100%[===================>]  47.05K  --.-KB/s    in 0.004s  \n",
            "\n",
            "2022-04-16 04:35:23 (11.2 MB/s) - ‘umbrella.py’ saved [48184/48184]\n",
            "\n"
          ]
        }
      ]
    },
    {
      "cell_type": "code",
      "source": [
        "from umbrella import Umbrella_Network,Umbrella_Label,Umbrella_Node,Joint_Probability_Network"
      ],
      "metadata": {
        "id": "PCkYzF4gbKqP"
      },
      "execution_count": 3,
      "outputs": []
    },
    {
      "cell_type": "code",
      "source": [
        "import os\n",
        "import sys\n",
        "import numpy as np\n",
        "import math\n",
        "import random\n",
        "from PIL import Image, ImageOps, ImageChops\n",
        "import cv2\n",
        "import tensorflow as tf\n",
        "from tensorflow.keras.preprocessing import image\n",
        "from tensorflow.keras.models import Sequential, Model, load_model\n",
        "from tensorflow.keras.layers import Input, Conv2D, MaxPool2D, Flatten, Dense, add, BatchNormalization, Dropout, AveragePooling2D, GlobalAveragePooling2D, SeparableConv2D\n",
        "from tensorflow.keras.utils import to_categorical\n",
        "from tensorflow.python.framework.ops import disable_eager_execution\n",
        "from tensorflow.keras import backend as backend\n",
        "from keras.callbacks import ReduceLROnPlateau\n",
        "from sklearn.utils import shuffle\n",
        "import matplotlib.pyplot as plt\n",
        "import pickle\n",
        "import copy\n",
        "import time"
      ],
      "metadata": {
        "id": "NKZG7Q4MbvQd"
      },
      "execution_count": 4,
      "outputs": []
    },
    {
      "cell_type": "code",
      "metadata": {
        "id": "vv4sXH7qbbSb"
      },
      "source": [
        "images_folder = \"/content/drive/My Drive/5390/project/small_hierarchy\"\n",
        "serial_file = \"/content/drive/My Drive/Colab Notebooks/small_hierarchy.dat\"\n",
        "models_folder = \"/content/drive/My Drive/Colab Notebooks/models\"\n",
        "target_image_size = 30\n",
        "channels = 3\n",
        "valid_ratio = 0.1 # validation set\n",
        "test_ratio = 0.0 # test set\n",
        "Model = Joint_Probability_Network(images_folder,serial_file,models_folder,target_image_size,channels,valid_ratio,test_ratio)"
      ],
      "execution_count": 6,
      "outputs": []
    },
    {
      "cell_type": "code",
      "source": [
        "Model.traverse_training_data()"
      ],
      "metadata": {
        "id": "2JM4xY-9tbwm",
        "colab": {
          "base_uri": "https://localhost:8080/"
        },
        "outputId": "fd50a86d-b39d-4277-f565-7736d4f599a1"
      },
      "execution_count": 7,
      "outputs": [
        {
          "output_type": "stream",
          "name": "stdout",
          "text": [
            "specialist\n",
            "small_hierarchy trainX 154 (154,) trainY 154 (154, 3)\n",
            "   animals trainX 0 (0,) trainY 0 (0,)\n",
            "      alligator trainX 0 (0,) trainY 0 (0,)\n",
            "      mammals trainX 0 (0,) trainY 0 (0,)\n",
            "      salamanders trainX 0 (0,) trainY 0 (0,)\n",
            "      snake trainX 0 (0,) trainY 0 (0,)\n",
            "   objects trainX 0 (0,) trainY 0 (0,)\n",
            "      automobiles trainX 0 (0,) trainY 0 (0,)\n",
            "      bicycles trainX 0 (0,) trainY 0 (0,)\n",
            "      boats trainX 0 (0,) trainY 0 (0,)\n",
            "   plants trainX 0 (0,) trainY 0 (0,)\n",
            "      cactus trainX 0 (0,) trainY 0 (0,)\n",
            "      hedges trainX 0 (0,) trainY 0 (0,)\n",
            "      shrubs trainX 0 (0,) trainY 0 (0,)\n",
            "generalist\n",
            "small_hierarchy trainX 154 (154,) trainY 154 (154, 10)\n",
            "   alligator trainX 0 (0,) trainY 0 (0,)\n",
            "   mammals trainX 0 (0,) trainY 0 (0,)\n",
            "   salamanders trainX 0 (0,) trainY 0 (0,)\n",
            "   snake trainX 0 (0,) trainY 0 (0,)\n",
            "   automobiles trainX 0 (0,) trainY 0 (0,)\n",
            "   bicycles trainX 0 (0,) trainY 0 (0,)\n",
            "   boats trainX 0 (0,) trainY 0 (0,)\n",
            "   cactus trainX 0 (0,) trainY 0 (0,)\n",
            "   hedges trainX 0 (0,) trainY 0 (0,)\n",
            "   shrubs trainX 0 (0,) trainY 0 (0,)\n"
          ]
        }
      ]
    },
    {
      "cell_type": "code",
      "source": [
        "Model.make_models()"
      ],
      "metadata": {
        "id": "rZEyM1TUtfJV",
        "colab": {
          "base_uri": "https://localhost:8080/"
        },
        "outputId": "a27f319c-f4d2-4864-9a36-2cd71e14fb1a"
      },
      "execution_count": 8,
      "outputs": [
        {
          "output_type": "stream",
          "name": "stdout",
          "text": [
            "making models for specialist\n",
            "making model for small_hierarchy\n",
            "making modes for generalist\n",
            "making model for small_hierarchy\n"
          ]
        }
      ]
    },
    {
      "cell_type": "code",
      "source": [
        "Model.train_models(eps=1,batch=10,aug=False,vrb=True)"
      ],
      "metadata": {
        "id": "xZ10W-ZsthvZ",
        "colab": {
          "base_uri": "https://localhost:8080/"
        },
        "outputId": "f2147d97-8a07-4df8-e450-17c4c5fcff06"
      },
      "execution_count": 9,
      "outputs": [
        {
          "output_type": "stream",
          "name": "stdout",
          "text": [
            "training specialist\n",
            "training model for small_hierarchy\n",
            "trainX 154\n",
            "trainY 154\n",
            "16/16 [==============================] - 9s 7ms/step - loss: 1.0546 - accuracy: 0.4351\n",
            "training generalist\n",
            "training model for small_hierarchy\n",
            "trainX 154\n",
            "trainY 154\n",
            "16/16 [==============================] - 1s 4ms/step - loss: 2.3230 - accuracy: 0.0844\n"
          ]
        }
      ]
    },
    {
      "cell_type": "code",
      "source": [
        "Model.predict_validation_set()"
      ],
      "metadata": {
        "id": "BS-5H4AAtmXv",
        "colab": {
          "base_uri": "https://localhost:8080/"
        },
        "outputId": "2ca03cb7-6cf3-43e3-c9e2-3acf52238559"
      },
      "execution_count": 10,
      "outputs": [
        {
          "output_type": "stream",
          "name": "stdout",
          "text": [
            "validation accuracy\n",
            "specialist\n",
            "expected [[1, 0, 0], [1, 0, 0], [1, 0, 0], [1, 0, 0], [1, 0, 0], [0, 1, 0], [0, 1, 0], [0, 1, 0], [0, 1, 0], [0, 1, 0], [0, 1, 0], [0, 0, 1], [0, 0, 1], [0, 0, 1], [0, 0, 1], [0, 0, 1], [0, 0, 1]]\n",
            "predicted [[0.2528699033321078, 0.2009342301461648, 0.5461958665217274], [0.2902808659120805, 0.1908728726950872, 0.5188462613928322], [0.23454495786614818, 0.20586256702630762, 0.5595924751075442], [0.2831747559081898, 0.1927840000199451, 0.5240412440718649], [0.20883401628835843, 0.2234962720708766, 0.567669711640765], [0.24576939295279956, 0.2028438515000284, 0.5513867555471722], [0.3403311746888706, 0.17741227151265015, 0.4822565537984792], [0.17430625594690852, 0.47381352812721284, 0.35188021592587865], [0.19065302610788143, 0.518248656409782, 0.2910983174823366], [0.1852089647392231, 0.5034501633183422, 0.3113408719424347], [0.18193474066582613, 0.49454989951732403, 0.32351535981685], [0.27031596087584797, 0.19624226263304853, 0.5334417764911034], [0.24304356025654586, 0.20357694081977565, 0.5533794989236785], [0.256783199808502, 0.19988178262956113, 0.5433350175619368], [0.2772192009978916, 0.19438569542256776, 0.5283951035795406], [0.2661665610279578, 0.1973582081259726, 0.5364752308460696], [0.2087943945960594, 0.22364359668936484, 0.5675620087145757]]\n",
            "accuracy 0.588\n",
            "generalist\n",
            "expected [[1, 0, 0, 0, 0, 0, 0, 0, 0, 0], [0, 1, 0, 0, 0, 0, 0, 0, 0, 0], [0, 1, 0, 0, 0, 0, 0, 0, 0, 0], [0, 0, 1, 0, 0, 0, 0, 0, 0, 0], [0, 0, 0, 1, 0, 0, 0, 0, 0, 0], [0, 0, 0, 0, 1, 0, 0, 0, 0, 0], [0, 0, 0, 0, 1, 0, 0, 0, 0, 0], [0, 0, 0, 0, 0, 1, 0, 0, 0, 0], [0, 0, 0, 0, 0, 1, 0, 0, 0, 0], [0, 0, 0, 0, 0, 0, 1, 0, 0, 0], [0, 0, 0, 0, 0, 0, 1, 0, 0, 0], [0, 0, 0, 0, 0, 0, 0, 1, 0, 0], [0, 0, 0, 0, 0, 0, 0, 0, 1, 0], [0, 0, 0, 0, 0, 0, 0, 0, 1, 0], [0, 0, 0, 0, 0, 0, 0, 0, 0, 1], [0, 0, 0, 0, 0, 0, 0, 0, 0, 1], [0, 0, 0, 0, 0, 0, 0, 0, 0, 1]]\n",
            "predicted [[0.1125474091837469, 0.07137838068401073, 0.07077087085762407, 0.055198039756922376, 0.150043828437802, 0.11832566796131085, 0.08826832142228742, 0.0929922303757968, 0.09855944992657223, 0.14191580139392654], [0.10830584373340449, 0.07552972653296942, 0.05355113286889187, 0.061604395839030955, 0.13374766191995346, 0.13514332582005895, 0.06569454542764441, 0.08238562887846472, 0.1384706676086771, 0.14556707137090466], [0.11295886349830102, 0.07081860331029413, 0.05908663520269828, 0.05636852905934713, 0.141349606388269, 0.12981200771102197, 0.0719466121926098, 0.08303241789804766, 0.12140117650042206, 0.15322554823898893], [0.1158291051286819, 0.07006114232417779, 0.0605684225532178, 0.0572393123073217, 0.13809408256071112, 0.13047848374229687, 0.07052680023776878, 0.08056389774874662, 0.1210461708785927, 0.15559258251848476], [0.0924171725155209, 0.09143434450730004, 0.05172306537117993, 0.06898946944668874, 0.1405978687106777, 0.130343094070557, 0.07506120193151854, 0.10704265634411442, 0.13504166557418715, 0.10734946152825568], [0.11861765631261272, 0.06919822728924165, 0.06989474791144386, 0.05684042472687004, 0.14022069203364904, 0.12260222313110569, 0.0792594506226668, 0.08327077362031024, 0.10558751069515492, 0.15450829365694502], [0.09027007616527224, 0.09060745541044082, 0.056016865286669965, 0.0653316957055062, 0.15226962699599322, 0.1230786496422639, 0.08659587382900602, 0.11814308408846795, 0.1159108580801866, 0.10177581479619298], [0.0751683856037395, 0.10621013404826328, 0.05630839774207095, 0.0705253129662969, 0.15119388830136138, 0.10806110225872877, 0.10297241882426436, 0.15306209437191579, 0.10203303789876453, 0.07446522798459454], [0.08392204475661265, 0.09862578367259403, 0.05542766812554667, 0.06932645396013569, 0.15066802305953214, 0.11942646521866822, 0.08926455055957132, 0.1316133711326237, 0.11443374480390378, 0.08729189471081181], [0.09039087453364537, 0.08805534113347299, 0.05944155674446074, 0.06062730595379334, 0.16157890355378482, 0.11701199607121787, 0.0956832495090368, 0.12550249348043604, 0.1024141953522222, 0.09929408366792966], [0.08584289028906562, 0.09816281919771219, 0.05987116725742919, 0.06417837899409938, 0.16274670600450192, 0.1060445022105166, 0.10445764356189394, 0.13374156476908713, 0.10217214660782056, 0.08278218110787365], [0.10809753124702841, 0.07313606174967102, 0.061248175433004905, 0.05521963010693602, 0.15010251709391417, 0.12444717531913015, 0.08094686327065387, 0.09240039151798352, 0.1119539222654171, 0.14244773199626096], [0.12148038706123761, 0.07010174222447053, 0.06348645805493698, 0.06594895186197525, 0.11383769323955593, 0.13102656919352396, 0.0619787097961646, 0.06826108226851843, 0.1354028057093659, 0.16847560059025082], [0.12611723710486852, 0.06780537020066485, 0.07179941030449412, 0.06438683615148187, 0.11412543512812179, 0.12453878926007779, 0.06706406129626473, 0.06797531862589136, 0.12116597522559186, 0.1750215667025431], [0.10552590799237152, 0.07631327080491214, 0.05309751285414501, 0.058717275298957705, 0.14433400432779295, 0.13403052359316867, 0.07015942690748217, 0.08975077513436651, 0.130545275286761, 0.13752602780004222], [0.11022441681156309, 0.0723558545470888, 0.05589072116874126, 0.05761686101221499, 0.1392805542048613, 0.13170556186330293, 0.06939316808269935, 0.08271682624903154, 0.12888930432803614, 0.15192673173246066], [0.11796135465828475, 0.0697084587418922, 0.06392371147619334, 0.05867627242226846, 0.1331798303673491, 0.1281127292791529, 0.07118194285813191, 0.07830679743352144, 0.11945025767604085, 0.15949864508716494]]\n",
            "accuracy 0.176\n",
            "Joint probability\n",
            "expected [[1, 0, 0, 0, 0, 0, 0, 0, 0, 0], [0, 1, 0, 0, 0, 0, 0, 0, 0, 0], [0, 1, 0, 0, 0, 0, 0, 0, 0, 0], [0, 0, 1, 0, 0, 0, 0, 0, 0, 0], [0, 0, 0, 1, 0, 0, 0, 0, 0, 0], [0, 0, 0, 0, 1, 0, 0, 0, 0, 0], [0, 0, 0, 0, 1, 0, 0, 0, 0, 0], [0, 0, 0, 0, 0, 1, 0, 0, 0, 0], [0, 0, 0, 0, 0, 1, 0, 0, 0, 0], [0, 0, 0, 0, 0, 0, 1, 0, 0, 0], [0, 0, 0, 0, 0, 0, 1, 0, 0, 0], [0, 0, 0, 0, 0, 0, 0, 1, 0, 0], [0, 0, 0, 0, 0, 0, 0, 0, 1, 0], [0, 0, 0, 0, 0, 0, 0, 0, 1, 0], [0, 0, 0, 0, 0, 0, 0, 0, 0, 1], [0, 0, 0, 0, 0, 0, 0, 0, 0, 1], [0, 0, 0, 0, 0, 0, 0, 0, 0, 1]]\n",
            "predicted [[0.08796795061663777, 0.07467708698931144, 0.07449680299296557, 0.07002109675422392, 0.09033716751735694, 0.08171772164734316, 0.07430985084869063, 0.125004550489959, 0.13113069722773216, 0.1903370749157795], [0.0899424676920731, 0.07733295827450205, 0.06988360320921023, 0.07252597807781609, 0.0818867571861903, 0.08223381530459024, 0.06662729511242178, 0.10762699876611635, 0.17082836079360544, 0.1811117655834743], [0.08483302833877725, 0.07402478286317395, 0.07126874031232634, 0.07064499265713885, 0.08793518077602618, 0.08510191061371496, 0.07221108342152383, 0.1117262312992517, 0.15022104990654378, 0.1920329998115232], [0.09318128569752784, 0.07699857022865325, 0.07401156515395792, 0.07299169699209965, 0.08508247031108891, 0.08326359705108226, 0.07023845989536834, 0.10703777969646108, 0.1462666457812315, 0.19092792919252916], [0.07531424274216729, 0.07507988792692594, 0.06619655195029661, 0.06992198285955387, 0.09053642418376588, 0.0874398655723506, 0.07248247870458285, 0.14135668059921833, 0.17994088427313645, 0.14173100118800214], [0.08907725819815644, 0.07511161136001357, 0.07529235513214715, 0.07197600284139276, 0.08819409177017741, 0.08387798875462615, 0.0741377329751861, 0.11271278069511408, 0.13396911766431177, 0.19565106060887455], [0.08886490829145216, 0.08911045267855891, 0.0671528954904728, 0.07246870780961782, 0.08129035517411565, 0.07177758967796238, 0.061438017255366045, 0.16700584588181477, 0.16274080901328783, 0.13815041872735168], [0.06732779137759559, 0.07348591334712139, 0.06384117260760974, 0.06645215343735218, 0.1735382994067829, 0.12468943980305197, 0.11992016159774264, 0.13016872642260202, 0.09735719588855557, 0.08321914611158612], [0.07243671983496783, 0.07550765428421125, 0.06683657224283507, 0.06951190688303946, 0.18168063980418878, 0.1429424806525018, 0.1134000102372433, 0.10080514892043327, 0.0936082708983544, 0.08327059624222484], [0.0737051414114755, 0.07325326229839783, 0.06793686558450086, 0.06814931211111412, 0.18467154720081339, 0.13423427529182644, 0.11522928158389167, 0.10124882201737166, 0.09141264610031262, 0.09015884640029592], [0.07259851675106335, 0.07497477704326523, 0.06783295613661046, 0.06860107765221626, 0.18438909203680767, 0.1232368995902507, 0.12185501211743148, 0.1080123275606102, 0.09326928689993336, 0.08523005421181133], [0.08786810215748382, 0.0752685662575593, 0.07140979092715945, 0.06952918884998721, 0.08820832541172963, 0.08122703363162427, 0.07062917216545968, 0.12206104187514943, 0.14479884812542979, 0.1889999305984175], [0.08841506138756822, 0.07572736950857799, 0.07423198125042212, 0.07478514746780054, 0.08171746404900682, 0.08534275707372467, 0.07168674749279462, 0.09794178725067414, 0.15528690146843532, 0.19486478305099564], [0.09249295496512001, 0.07700241701951316, 0.07797525633273623, 0.07617940114897738, 0.08226484517061866, 0.08438785182871568, 0.07331705041915952, 0.097789107254236, 0.1392947099903064, 0.19929640587061692], [0.08652113909782957, 0.07542956796076639, 0.06763818443660961, 0.06944703733827169, 0.08478385858437217, 0.0819554563468543, 0.06641007577403624, 0.11770705301839259, 0.16958632523971656, 0.18052130220315094], [0.08766217642234805, 0.07555408077644933, 0.07082554203532955, 0.07130704635334728, 0.0853030175427342, 0.08344293643747978, 0.06960276728648063, 0.10942624121026732, 0.15767625441025993, 0.18919993752530395], [0.0836207803696043, 0.07352154840916969, 0.07239576875639932, 0.07138947352980143, 0.08931346379269313, 0.08802973013443138, 0.07481458037141764, 0.10770886810491541, 0.14514907789225046, 0.19405670863931723]]\n",
            "accuracy 0.176\n"
          ]
        }
      ]
    }
  ]
}