{
  "nbformat": 4,
  "nbformat_minor": 0,
  "metadata": {
    "colab": {
      "name": "joint_probability_network.ipynb",
      "provenance": [],
      "collapsed_sections": [],
      "authorship_tag": "ABX9TyOb35BQrS8ggRIkZ2qWwbaF",
      "include_colab_link": true
    },
    "kernelspec": {
      "name": "python3",
      "display_name": "Python 3"
    },
    "language_info": {
      "name": "python"
    },
    "accelerator": "GPU"
  },
  "cells": [
    {
      "cell_type": "markdown",
      "metadata": {
        "id": "view-in-github",
        "colab_type": "text"
      },
      "source": [
        "<a href=\"https://colab.research.google.com/github/hihohub/umbrella-networks/blob/main/joint_probability_network.ipynb\" target=\"_parent\"><img src=\"https://colab.research.google.com/assets/colab-badge.svg\" alt=\"Open In Colab\"/></a>"
      ]
    },
    {
      "cell_type": "markdown",
      "source": [
        "JOINT PROBABILITY NETWORK\n",
        "- using just one folder structure (hierarchical for an umbrella network), the program also makes a general softmax model (levels = 0) from the bottom level folders, then combines the predictions of the general model with the predictions of the top level umbrella model\n",
        "- their predictions are combined with joint probability multiplication"
      ],
      "metadata": {
        "id": "6byVtOsXVqQ8"
      }
    },
    {
      "cell_type": "code",
      "execution_count": 1,
      "metadata": {
        "colab": {
          "base_uri": "https://localhost:8080/"
        },
        "id": "ONDnQ-hJUJlF",
        "outputId": "b373c67b-9a13-48e5-bdef-598a611718a7"
      },
      "outputs": [
        {
          "output_type": "stream",
          "name": "stdout",
          "text": [
            "Mounted at /content/drive\n"
          ]
        }
      ],
      "source": [
        "from google.colab import drive\n",
        "drive.mount(\"/content/drive\")"
      ]
    },
    {
      "cell_type": "code",
      "source": [
        "! wget https://raw.githubusercontent.com/hihohub/umbrella-networks/main/umbrella.py"
      ],
      "metadata": {
        "colab": {
          "base_uri": "https://localhost:8080/"
        },
        "id": "hGDve97aaf5o",
        "outputId": "4f20f30b-e0e8-47d5-8d0e-77d041c54669"
      },
      "execution_count": 2,
      "outputs": [
        {
          "output_type": "stream",
          "name": "stdout",
          "text": [
            "--2022-04-18 00:06:21--  https://raw.githubusercontent.com/hihohub/umbrella-networks/main/umbrella.py\n",
            "Resolving raw.githubusercontent.com (raw.githubusercontent.com)... 185.199.108.133, 185.199.109.133, 185.199.110.133, ...\n",
            "Connecting to raw.githubusercontent.com (raw.githubusercontent.com)|185.199.108.133|:443... connected.\n",
            "HTTP request sent, awaiting response... 200 OK\n",
            "Length: 49668 (49K) [text/plain]\n",
            "Saving to: ‘umbrella.py’\n",
            "\n",
            "\rumbrella.py           0%[                    ]       0  --.-KB/s               \rumbrella.py         100%[===================>]  48.50K  --.-KB/s    in 0.01s   \n",
            "\n",
            "2022-04-18 00:06:22 (4.65 MB/s) - ‘umbrella.py’ saved [49668/49668]\n",
            "\n"
          ]
        }
      ]
    },
    {
      "cell_type": "code",
      "source": [
        "from umbrella import Umbrella_Network,Umbrella_Label,Umbrella_Node,Joint_Probability_Network"
      ],
      "metadata": {
        "id": "PCkYzF4gbKqP"
      },
      "execution_count": 3,
      "outputs": []
    },
    {
      "cell_type": "code",
      "source": [
        "import os\n",
        "import sys\n",
        "import numpy as np\n",
        "import math\n",
        "import random\n",
        "from PIL import Image, ImageOps, ImageChops\n",
        "import cv2\n",
        "import tensorflow as tf\n",
        "from tensorflow.keras.preprocessing import image\n",
        "from tensorflow.keras.models import Sequential, Model, load_model\n",
        "from tensorflow.keras.layers import Input, Conv2D, MaxPool2D, Flatten, Dense, add, BatchNormalization, Dropout, AveragePooling2D, GlobalAveragePooling2D, SeparableConv2D\n",
        "from tensorflow.keras.utils import to_categorical\n",
        "from tensorflow.python.framework.ops import disable_eager_execution\n",
        "from tensorflow.keras import backend as backend\n",
        "from keras.callbacks import ReduceLROnPlateau\n",
        "from sklearn.utils import shuffle\n",
        "import matplotlib.pyplot as plt\n",
        "import pickle\n",
        "import copy\n",
        "import time"
      ],
      "metadata": {
        "id": "NKZG7Q4MbvQd"
      },
      "execution_count": 4,
      "outputs": []
    },
    {
      "cell_type": "code",
      "metadata": {
        "id": "vv4sXH7qbbSb"
      },
      "source": [
        "images_folder = \"/content/drive/My Drive/5390/project/small_hierarchy\"\n",
        "serial_file = \"/content/drive/My Drive/Colab Notebooks/small_hierarchy.dat\"\n",
        "models_folder = \"/content/drive/My Drive/Colab Notebooks/models\"\n",
        "target_image_size = 30\n",
        "channels = 3\n",
        "valid_ratio = 0.1 # validation set\n",
        "test_ratio = 0.0 # test set\n",
        "Model = Joint_Probability_Network(images_folder,serial_file,models_folder,target_image_size,channels,valid_ratio,test_ratio)"
      ],
      "execution_count": 5,
      "outputs": []
    },
    {
      "cell_type": "code",
      "source": [
        "Model.traverse_training_data()"
      ],
      "metadata": {
        "id": "2JM4xY-9tbwm",
        "colab": {
          "base_uri": "https://localhost:8080/"
        },
        "outputId": "1c3d23dc-90f7-4713-f7ca-feaa2c4d67ba"
      },
      "execution_count": 6,
      "outputs": [
        {
          "output_type": "stream",
          "name": "stdout",
          "text": [
            "specialist\n",
            "small_hierarchy trainX 154 (154,) trainY 154 (154, 3)\n",
            "   animals trainX 0 (0,) trainY 0 (0,)\n",
            "      alligator trainX 0 (0,) trainY 0 (0,)\n",
            "      mammals trainX 0 (0,) trainY 0 (0,)\n",
            "      salamanders trainX 0 (0,) trainY 0 (0,)\n",
            "      snake trainX 0 (0,) trainY 0 (0,)\n",
            "   objects trainX 0 (0,) trainY 0 (0,)\n",
            "      automobiles trainX 0 (0,) trainY 0 (0,)\n",
            "      bicycles trainX 0 (0,) trainY 0 (0,)\n",
            "      boats trainX 0 (0,) trainY 0 (0,)\n",
            "   plants trainX 0 (0,) trainY 0 (0,)\n",
            "      cactus trainX 0 (0,) trainY 0 (0,)\n",
            "      hedges trainX 0 (0,) trainY 0 (0,)\n",
            "      shrubs trainX 0 (0,) trainY 0 (0,)\n",
            "generalist\n",
            "small_hierarchy trainX 154 (154,) trainY 154 (154, 10)\n",
            "   alligator trainX 0 (0,) trainY 0 (0,)\n",
            "   mammals trainX 0 (0,) trainY 0 (0,)\n",
            "   salamanders trainX 0 (0,) trainY 0 (0,)\n",
            "   snake trainX 0 (0,) trainY 0 (0,)\n",
            "   automobiles trainX 0 (0,) trainY 0 (0,)\n",
            "   bicycles trainX 0 (0,) trainY 0 (0,)\n",
            "   boats trainX 0 (0,) trainY 0 (0,)\n",
            "   cactus trainX 0 (0,) trainY 0 (0,)\n",
            "   hedges trainX 0 (0,) trainY 0 (0,)\n",
            "   shrubs trainX 0 (0,) trainY 0 (0,)\n"
          ]
        }
      ]
    },
    {
      "cell_type": "code",
      "source": [
        "Model.make_models()"
      ],
      "metadata": {
        "id": "rZEyM1TUtfJV",
        "colab": {
          "base_uri": "https://localhost:8080/"
        },
        "outputId": "67198055-0355-4bc7-f4a7-e3c10b12dd00"
      },
      "execution_count": 7,
      "outputs": [
        {
          "output_type": "stream",
          "name": "stdout",
          "text": [
            "making models for specialist\n",
            "making model for small_hierarchy\n",
            "making modes for generalist\n",
            "making model for small_hierarchy\n"
          ]
        }
      ]
    },
    {
      "cell_type": "code",
      "source": [
        "Model.train_models(eps=1,batch=10,aug=False,vrb=True)"
      ],
      "metadata": {
        "id": "xZ10W-ZsthvZ",
        "colab": {
          "base_uri": "https://localhost:8080/"
        },
        "outputId": "dc309aec-b020-4924-879c-f1a9edec410f"
      },
      "execution_count": 8,
      "outputs": [
        {
          "output_type": "stream",
          "name": "stdout",
          "text": [
            "training specialist\n",
            "training model for small_hierarchy\n",
            "trainX 154\n",
            "trainY 154\n",
            "16/16 [==============================] - 10s 6ms/step - loss: 1.1066 - accuracy: 0.3506\n",
            "training generalist\n",
            "training model for small_hierarchy\n",
            "trainX 154\n",
            "trainY 154\n",
            "16/16 [==============================] - 0s 3ms/step - loss: 2.3168 - accuracy: 0.0974\n"
          ]
        }
      ]
    },
    {
      "cell_type": "code",
      "source": [
        "logits = Model.predict_validation_set(verbose=True)"
      ],
      "metadata": {
        "id": "BS-5H4AAtmXv",
        "colab": {
          "base_uri": "https://localhost:8080/"
        },
        "outputId": "55878768-60f9-48bf-9654-a19277c963ce"
      },
      "execution_count": 9,
      "outputs": [
        {
          "output_type": "stream",
          "name": "stdout",
          "text": [
            "validation accuracy\n",
            "specialist\n",
            "expected [[1, 0, 0], [1, 0, 0], [1, 0, 0], [1, 0, 0], [1, 0, 0], [0, 1, 0], [0, 1, 0], [0, 1, 0], [0, 1, 0], [0, 1, 0], [0, 1, 0], [0, 0, 1], [0, 0, 1], [0, 0, 1], [0, 0, 1], [0, 0, 1], [0, 0, 1]]\n",
            "predicted [[0.19321130381936036, 0.525202776225047, 0.28158591995559273], [0.19135936974450213, 0.5201686974818557, 0.2884719327736422], [0.16894348230341089, 0.459235997981954, 0.3718205197146351], [0.20513372060907079, 0.5576112651358318, 0.2372550142550974], [0.18962782992270844, 0.5154618842490207, 0.29491028582827084], [0.21091701746586733, 0.5733318958902461, 0.21575108664388648], [0.25877931379787783, 0.5418757413060804, 0.1993449448960419], [0.2613111187879523, 0.5400248435486681, 0.1986640376633796], [0.20029102887195302, 0.5444474641859959, 0.25526150694205113], [0.18941341833273437, 0.5148790531201831, 0.29570752854708254], [0.23445528436255209, 0.559658031691624, 0.205886683945824], [0.19556712064942133, 0.5316065503053797, 0.27282632904519905], [0.1745018936625276, 0.35115277976293097, 0.4743453265745414], [0.16443905745137435, 0.38856924078962185, 0.4469917017590039], [0.19335305286406818, 0.5255880900774776, 0.2810588570584542], [0.20428763090704397, 0.555311354873566, 0.2404010142193901], [0.17343442050518365, 0.4714436336885655, 0.3551219458062508]]\n",
            "logits [[0.29263216, 0.38132808, 0.32603976], [0.2994987, 0.37146458, 0.3290367], [0.26615804, 0.37881488, 0.35502705], [0.30331105, 0.3819396, 0.31474942], [0.2830287, 0.38771316, 0.32925817], [0.3067264, 0.38477856, 0.3084951], [0.3187735, 0.38629135, 0.2949351], [0.31766832, 0.39317378, 0.28915793], [0.26595002, 0.42864388, 0.30540606], [0.27599403, 0.39500144, 0.32900456], [0.31353799, 0.38335016, 0.3031119], [0.3008745, 0.37392887, 0.32519662], [0.24141468, 0.35489306, 0.40369222], [0.26054475, 0.36150524, 0.37795004], [0.28805035, 0.38691816, 0.3250315], [0.31601736, 0.36069298, 0.32328963], [0.27097413, 0.37995175, 0.3490742]]\n",
            "accuracy 0.471\n",
            "generalist\n",
            "expected [[1, 0, 0, 0, 0, 0, 0, 0, 0, 0], [0, 1, 0, 0, 0, 0, 0, 0, 0, 0], [0, 1, 0, 0, 0, 0, 0, 0, 0, 0], [0, 0, 1, 0, 0, 0, 0, 0, 0, 0], [0, 0, 0, 1, 0, 0, 0, 0, 0, 0], [0, 0, 0, 0, 1, 0, 0, 0, 0, 0], [0, 0, 0, 0, 1, 0, 0, 0, 0, 0], [0, 0, 0, 0, 0, 1, 0, 0, 0, 0], [0, 0, 0, 0, 0, 1, 0, 0, 0, 0], [0, 0, 0, 0, 0, 0, 1, 0, 0, 0], [0, 0, 0, 0, 0, 0, 1, 0, 0, 0], [0, 0, 0, 0, 0, 0, 0, 1, 0, 0], [0, 0, 0, 0, 0, 0, 0, 0, 1, 0], [0, 0, 0, 0, 0, 0, 0, 0, 1, 0], [0, 0, 0, 0, 0, 0, 0, 0, 0, 1], [0, 0, 0, 0, 0, 0, 0, 0, 0, 1], [0, 0, 0, 0, 0, 0, 0, 0, 0, 1]]\n",
            "predicted [[0.07364575944031045, 0.11376099564247745, 0.09866859283556037, 0.08247953838105367, 0.08805594846492719, 0.09608083805591586, 0.11500144161366828, 0.06024761048956621, 0.10828929027465403, 0.1637699848018664], [0.09629791081039214, 0.14540125103989365, 0.13517707811325336, 0.08954311624819951, 0.055785824507841135, 0.07974357642948088, 0.09106644841610095, 0.05349013097818468, 0.10960737190614323, 0.14388729155051058], [0.06545037994489576, 0.10234419744072608, 0.08639100706920395, 0.07866214937165063, 0.10378978378622115, 0.1015590042294414, 0.1236686037852332, 0.0624046700108605, 0.10609672386026199, 0.16963348050150523], [0.09713686823252635, 0.14609703349470182, 0.13622650021960409, 0.08979966704379998, 0.055380922540035384, 0.07935030133832839, 0.09029469617960745, 0.0537460950388364, 0.10940122968656922, 0.14256668622599097], [0.05867841640516744, 0.0851662829219295, 0.07129503046762206, 0.07609020749396524, 0.13382604131720988, 0.11004307513361575, 0.13215128553864236, 0.0726099746478953, 0.10063521303703252, 0.15950447303691978], [0.09480664707555653, 0.1435170499945891, 0.13279923322902376, 0.08920151344200176, 0.05714650943867433, 0.08075254048600956, 0.09263313245205958, 0.053599450992836375, 0.10984550924004084, 0.14569841364920824], [0.05867841640516744, 0.0851662829219295, 0.07129503046762206, 0.07609020749396524, 0.13382604131720988, 0.11004307513361575, 0.13215128553864236, 0.0726099746478953, 0.10063521303703252, 0.15950447303691978], [0.05867841640516744, 0.0851662829219295, 0.07129503046762206, 0.07609020749396524, 0.13382604131720988, 0.11004307513361575, 0.13215128553864236, 0.0726099746478953, 0.10063521303703252, 0.15950447303691978], [0.05867841640516744, 0.0851662829219295, 0.07129503046762206, 0.07609020749396524, 0.13382604131720988, 0.11004307513361575, 0.13215128553864236, 0.0726099746478953, 0.10063521303703252, 0.15950447303691978], [0.05867841640516744, 0.0851662829219295, 0.07129503046762206, 0.07609020749396524, 0.13382604131720988, 0.11004307513361575, 0.13215128553864236, 0.0726099746478953, 0.10063521303703252, 0.15950447303691978], [0.05867841640516744, 0.0851662829219295, 0.07129503046762206, 0.07609020749396524, 0.13382604131720988, 0.11004307513361575, 0.13215128553864236, 0.0726099746478953, 0.10063521303703252, 0.15950447303691978], [0.08866903173030669, 0.13449094240596868, 0.12222132554464539, 0.08778942434273113, 0.06499530083275447, 0.08550137509390777, 0.09930906200064236, 0.055664209527833554, 0.11004831926616307, 0.15131100925504679], [0.09319886567560397, 0.14101991297584923, 0.12988454267148367, 0.08890043355434145, 0.05914606407754646, 0.08206590213929836, 0.0944562665809061, 0.05415211442889926, 0.10997518927135967, 0.1472007086247117], [0.09545864341138394, 0.14459156053296246, 0.13404104812824752, 0.08930041830480771, 0.05633989032450659, 0.08018977444541867, 0.09185817757573761, 0.05337208614845494, 0.10976802920418477, 0.14508037192429576], [0.06585589927906797, 0.10291341810210898, 0.08699096621152495, 0.07886687909479667, 0.10294716128025197, 0.10129360440738062, 0.12323741409532148, 0.0623050285442486, 0.10622700207184567, 0.1693626269134531], [0.09754763244953726, 0.14647708085302572, 0.13677647285409694, 0.08991152043653158, 0.05518995004733666, 0.07913800947849552, 0.08988740216369748, 0.05388590664863528, 0.10927987605960048, 0.14190614900904294], [0.06864291607235261, 0.10681257954181757, 0.09113633056891872, 0.0802281560765525, 0.09734378830312272, 0.09945194142468003, 0.12028101632208679, 0.06159903730029641, 0.10706069064620606, 0.16744354374396664]]\n",
            "logits [[0.09927111, 0.100438565, 0.100056425, 0.09957526, 0.099750906, 0.09998507, 0.10046768, 0.09873199, 0.10030622, 0.10141682], [0.100213386, 0.10542047, 0.10449909, 0.09929434, 0.093314506, 0.09782966, 0.09950752, 0.092783466, 0.10184935, 0.1052882], [0.09920796, 0.10013173, 0.099781565, 0.0995879, 0.10016071, 0.10011581, 0.100522816, 0.09910949, 0.10020614, 0.10117586], [0.10038175, 0.10640618, 0.105373666, 0.099222474, 0.09208812, 0.097396486, 0.09930362, 0.09164584, 0.10213677, 0.10604513], [0.09913926, 0.09980112, 0.09948527, 0.09960092, 0.10060406, 0.10025642, 0.10058168, 0.09951774, 0.10009764, 0.100915916], [0.09999249, 0.10417638, 0.10339316, 0.09937753, 0.094884194, 0.09837338, 0.09975845, 0.094237566, 0.10147825, 0.1043286], [0.09913926, 0.09980112, 0.09948527, 0.09960092, 0.10060406, 0.10025642, 0.10058168, 0.09951774, 0.10009764, 0.100915916], [0.09913926, 0.09980112, 0.09948527, 0.09960092, 0.10060406, 0.10025642, 0.10058168, 0.09951774, 0.10009764, 0.100915916], [0.09913926, 0.09980112, 0.09948527, 0.09960092, 0.10060406, 0.10025642, 0.10058168, 0.09951774, 0.10009764, 0.100915916], [0.09913926, 0.09980112, 0.09948527, 0.09960092, 0.10060406, 0.10025642, 0.10058168, 0.09951774, 0.10009764, 0.100915916], [0.09913926, 0.09980112, 0.09948527, 0.09960092, 0.10060406, 0.10025642, 0.10058168, 0.09951774, 0.10009764, 0.100915916], [0.0995634, 0.10189896, 0.10136263, 0.0995075, 0.09782206, 0.099359445, 0.10019875, 0.09695319, 0.10077444, 0.102559626], [0.09982541, 0.103269145, 0.102585204, 0.099432796, 0.09604443, 0.09876765, 0.09993684, 0.09531095, 0.10120168, 0.10362582], [0.100083254, 0.10468114, 0.10384215, 0.099344805, 0.09424437, 0.0981532, 0.09965751, 0.09364513, 0.10162994, 0.104718514], [0.09921046, 0.100143835, 0.099792406, 0.09958742, 0.10014452, 0.100110665, 0.10052065, 0.09909458, 0.10021009, 0.101185374], [0.10048817, 0.10704767, 0.105942056, 0.0991729, 0.09129809, 0.09711349, 0.09916857, 0.09091226, 0.10232069, 0.10653613], [0.09922916, 0.10023442, 0.099873565, 0.09958373, 0.100023374, 0.100072086, 0.10050441, 0.098983, 0.100239694, 0.101256534]]\n",
            "accuracy 0.176\n",
            "Joint probability\n",
            "expected [[1, 0, 0, 0, 0, 0, 0, 0, 0, 0], [0, 1, 0, 0, 0, 0, 0, 0, 0, 0], [0, 1, 0, 0, 0, 0, 0, 0, 0, 0], [0, 0, 1, 0, 0, 0, 0, 0, 0, 0], [0, 0, 0, 1, 0, 0, 0, 0, 0, 0], [0, 0, 0, 0, 1, 0, 0, 0, 0, 0], [0, 0, 0, 0, 1, 0, 0, 0, 0, 0], [0, 0, 0, 0, 0, 1, 0, 0, 0, 0], [0, 0, 0, 0, 0, 1, 0, 0, 0, 0], [0, 0, 0, 0, 0, 0, 1, 0, 0, 0], [0, 0, 0, 0, 0, 0, 1, 0, 0, 0], [0, 0, 0, 0, 0, 0, 0, 1, 0, 0], [0, 0, 0, 0, 0, 0, 0, 0, 1, 0], [0, 0, 0, 0, 0, 0, 0, 0, 1, 0], [0, 0, 0, 0, 0, 0, 0, 0, 0, 1], [0, 0, 0, 0, 0, 0, 0, 0, 0, 1], [0, 0, 0, 0, 0, 0, 0, 0, 0, 1]]\n",
            "predicted [[0.06361333187259088, 0.0752410486391504, 0.07063589144541756, 0.06600896631893728, 0.1272694134216541, 0.13943420790281444, 0.17291896407699842, 0.067496494894491, 0.09047535617536177, 0.1269063252525842], [0.06679000070986822, 0.08963505329951717, 0.0843091437375608, 0.06414097180520702, 0.09304974616126353, 0.13745705316139412, 0.16529246945628473, 0.06080770129342573, 0.10094312553293822, 0.13757473484254054], [0.061120056955187, 0.06890084826020043, 0.0654216796997923, 0.06379985608320633, 0.12354422731012615, 0.12113482069972621, 0.14724604094965849, 0.0771957630777547, 0.10549516678868186, 0.16614154017566668], [0.07437136572851422, 0.09714432466588376, 0.09205112295614318, 0.07145295166897686, 0.09952847681529903, 0.1420149713443919, 0.16704249937354115, 0.061451501321419334, 0.08730879224403203, 0.1076339938817984], [0.06165202702045689, 0.06724371390041817, 0.06425494618118, 0.06527280723803097, 0.167587584737374, 0.1355866923620186, 0.16510552814027013, 0.07364831495484399, 0.0849579827134009, 0.11469040275200654], [0.07602335358922295, 0.09735195634300384, 0.09219637144607591, 0.07389051849751231, 0.10337436596046724, 0.14318297876211403, 0.1686924325905283, 0.06205847783125476, 0.08311048522957716, 0.10011905975024343], [0.06600612576283575, 0.07428001542805472, 0.06982540327450744, 0.07133427058382162, 0.17724084284191283, 0.14195016168225436, 0.17449119536602767, 0.06520326221743833, 0.07179113149582088, 0.08787759134732637], [0.06615456118670167, 0.07456359207987912, 0.07003458483095355, 0.07156823449536111, 0.1770249737204057, 0.14177727457447034, 0.17427867515651826, 0.06512384840565212, 0.07170369403930964, 0.08777056151074841], [0.06342351292625502, 0.06917586921120117, 0.06610122337657551, 0.06714833126606791, 0.17240298268447635, 0.1394825888335718, 0.1698496076167291, 0.07086763624796501, 0.0796689947204336, 0.10187925311672462], [0.06161317143222996, 0.06720133420611717, 0.06421445012855985, 0.06523166968841536, 0.16748196429796267, 0.1355012401726571, 0.16500147199280102, 0.07370653677511797, 0.08507178017302724, 0.11497638113311168], [0.06530044481901237, 0.0722818955845772, 0.06853747291352719, 0.06980942578379384, 0.17750501254181392, 0.1427784451391713, 0.17480454289182792, 0.06658602178231879, 0.07317615532596305, 0.0892205832179946], [0.06689066814186816, 0.08488933404860392, 0.07964206575915715, 0.06658539241480815, 0.1057124051685013, 0.1412590250508203, 0.17170538853019285, 0.06316688237861273, 0.09372098740516341, 0.1264278511022719], [0.07248211431941792, 0.084520182498531, 0.0815496517900129, 0.07148794511048417, 0.07875215092099824, 0.09133159699443055, 0.09894937257454674, 0.08621545393400076, 0.140387149709871, 0.19432438214770678], [0.07113802491253231, 0.08356937631161336, 0.08072861617541593, 0.06971640543967954, 0.08048817392190456, 0.09681930015473247, 0.10597755281370526, 0.0837033867090568, 0.1383503255091955, 0.1895088380521642], [0.06317230491495436, 0.07249775421034321, 0.06833312840275785, 0.06630127472216324, 0.1399010567549386, 0.1375839934582326, 0.17172012851219448, 0.06924709388196179, 0.08778599992350145, 0.12345726521895255], [0.0740901411709705, 0.0970978382102233, 0.09202894456980251, 0.07102821034299546, 0.09901894990685373, 0.14189825635952644, 0.1667691800505086, 0.06135095276160075, 0.08796160898555518, 0.1087559176419637], [0.06003668999146292, 0.06900323711815275, 0.06516907869771289, 0.06262753603739343, 0.12268289372041276, 0.12527372888803542, 0.15400437894587016, 0.07403944641768456, 0.10396636673865227, 0.1631966434446227]]\n",
            "logits [[0.014229193202229347, 0.02197991029187164, 0.01906388746778022, 0.015935979149022353, 0.04624722859690942, 0.050461922888996154, 0.060399076405381225, 0.01696487882483072, 0.030492739423326677, 0.046115321831546985], [0.01842750752038892, 0.027823891759056182, 0.025867400471655495, 0.017134914290214145, 0.029018039672195108, 0.04148011228386787, 0.04736991585690183, 0.015430401467592208, 0.03161865042000454, 0.041507445095140344], [0.011057415105972015, 0.017290385109184094, 0.014595197573969904, 0.01328945744031772, 0.047664004937396504, 0.046639550661361016, 0.05679307467834643, 0.023203336836058453, 0.03944893900574274, 0.0630732088810721], [0.019926047188851184, 0.02996942805071622, 0.027944648835599783, 0.018420939810150447, 0.030881026281938635, 0.04424662191817478, 0.05034933977176647, 0.01275153054459495, 0.025955990308812165, 0.033824661172849484], [0.011127060766212955, 0.016149897413068916, 0.013519521911848553, 0.014428820925449235, 0.06898222341895631, 0.056723010856930135, 0.06811895064967896, 0.0214134283773943, 0.029678359441140188, 0.04703950973420573], [0.019996335237115477, 0.030270188140358506, 0.028009618194419793, 0.018814117168628484, 0.032763916599984996, 0.046298007134797724, 0.0531095294509916, 0.011564139795220188, 0.023699287981489885, 0.03143459106710714], [0.015184760332075367, 0.022039272253252837, 0.01844967906161003, 0.019690571682026464, 0.07251708534482125, 0.05962967291362874, 0.07160957581580334, 0.014474431395087688, 0.020061120997468686, 0.03179641038821698], [0.015333322639539638, 0.022254896673340675, 0.018630184175515468, 0.01988321724905549, 0.07226938702506386, 0.05942599443264517, 0.0713649772977607, 0.014424990738186509, 0.019992597753051258, 0.03168780263888415], [0.011752760394367873, 0.0170580424316331, 0.01427975500581726, 0.015240185946046687, 0.07286124883720523, 0.059912673207726114, 0.0719494323004333, 0.018534531547645883, 0.02568829613126727, 0.04071535215140191], [0.011114479433654362, 0.016131636774935443, 0.01350423543100874, 0.014412506303078996, 0.06890422543622753, 0.05665887432722924, 0.06804192876675112, 0.02147131615099544, 0.029758590131990028, 0.04716667351395231], [0.013757464804217773, 0.019967685080562545, 0.016715496641923146, 0.017839751235203212, 0.07489681887267162, 0.06158649083057288, 0.07395952835007435, 0.014949426901645512, 0.02071945030037618, 0.03283984702809751], [0.017340747226268258, 0.026302006359762452, 0.023902472718721868, 0.017168724942178144, 0.034551927661760976, 0.04545309106003863, 0.05279334786422456, 0.015186661944681622, 0.030024078962981322, 0.04128162719917855], [0.01626337854759244, 0.02460824185841054, 0.022665098653665273, 0.015513294002652292, 0.020769304812866873, 0.028817669659967283, 0.03316858057591362, 0.025686802403478155, 0.05216621707002011, 0.06982396820459279], [0.01569712934815482, 0.023776499929463686, 0.022041583614003327, 0.014684476616056038, 0.02189194840956409, 0.03115927977534735, 0.03569326232092263, 0.023856879613926033, 0.049065398172710585, 0.06484972233827017], [0.01273343917471638, 0.01989862357071903, 0.016819968888593353, 0.015249151842840295, 0.05410780187618569, 0.053238712077538754, 0.06477211710044724, 0.017511380111640877, 0.029856039791058987, 0.04760086634871252], [0.019927774733707052, 0.029923455829644154, 0.027941741603185074, 0.018367811501229306, 0.030647605936190946, 0.04394623526550045, 0.04991549508158795, 0.012954226610463299, 0.0262709930384972, 0.03411438214574183], [0.011905044370794432, 0.018524977835498963, 0.015806176679189272, 0.013914323757336311, 0.045892109274634656, 0.04688598464263353, 0.056705719398638256, 0.02187516998587308, 0.038019600781641766, 0.0594628770670515]]\n",
            "accuracy 0.118\n"
          ]
        }
      ]
    },
    {
      "cell_type": "code",
      "source": [
        "for logit in logits:\n",
        "  print(str(logit))"
      ],
      "metadata": {
        "colab": {
          "base_uri": "https://localhost:8080/"
        },
        "id": "d-UB4xhH2UIr",
        "outputId": "38f6ec94-b453-414a-8721-fe11115102fa"
      },
      "execution_count": 10,
      "outputs": [
        {
          "output_type": "stream",
          "name": "stdout",
          "text": [
            "[0.014229193202229347, 0.02197991029187164, 0.01906388746778022, 0.015935979149022353, 0.04624722859690942, 0.050461922888996154, 0.060399076405381225, 0.01696487882483072, 0.030492739423326677, 0.046115321831546985]\n",
            "[0.01842750752038892, 0.027823891759056182, 0.025867400471655495, 0.017134914290214145, 0.029018039672195108, 0.04148011228386787, 0.04736991585690183, 0.015430401467592208, 0.03161865042000454, 0.041507445095140344]\n",
            "[0.011057415105972015, 0.017290385109184094, 0.014595197573969904, 0.01328945744031772, 0.047664004937396504, 0.046639550661361016, 0.05679307467834643, 0.023203336836058453, 0.03944893900574274, 0.0630732088810721]\n",
            "[0.019926047188851184, 0.02996942805071622, 0.027944648835599783, 0.018420939810150447, 0.030881026281938635, 0.04424662191817478, 0.05034933977176647, 0.01275153054459495, 0.025955990308812165, 0.033824661172849484]\n",
            "[0.011127060766212955, 0.016149897413068916, 0.013519521911848553, 0.014428820925449235, 0.06898222341895631, 0.056723010856930135, 0.06811895064967896, 0.0214134283773943, 0.029678359441140188, 0.04703950973420573]\n",
            "[0.019996335237115477, 0.030270188140358506, 0.028009618194419793, 0.018814117168628484, 0.032763916599984996, 0.046298007134797724, 0.0531095294509916, 0.011564139795220188, 0.023699287981489885, 0.03143459106710714]\n",
            "[0.015184760332075367, 0.022039272253252837, 0.01844967906161003, 0.019690571682026464, 0.07251708534482125, 0.05962967291362874, 0.07160957581580334, 0.014474431395087688, 0.020061120997468686, 0.03179641038821698]\n",
            "[0.015333322639539638, 0.022254896673340675, 0.018630184175515468, 0.01988321724905549, 0.07226938702506386, 0.05942599443264517, 0.0713649772977607, 0.014424990738186509, 0.019992597753051258, 0.03168780263888415]\n",
            "[0.011752760394367873, 0.0170580424316331, 0.01427975500581726, 0.015240185946046687, 0.07286124883720523, 0.059912673207726114, 0.0719494323004333, 0.018534531547645883, 0.02568829613126727, 0.04071535215140191]\n",
            "[0.011114479433654362, 0.016131636774935443, 0.01350423543100874, 0.014412506303078996, 0.06890422543622753, 0.05665887432722924, 0.06804192876675112, 0.02147131615099544, 0.029758590131990028, 0.04716667351395231]\n",
            "[0.013757464804217773, 0.019967685080562545, 0.016715496641923146, 0.017839751235203212, 0.07489681887267162, 0.06158649083057288, 0.07395952835007435, 0.014949426901645512, 0.02071945030037618, 0.03283984702809751]\n",
            "[0.017340747226268258, 0.026302006359762452, 0.023902472718721868, 0.017168724942178144, 0.034551927661760976, 0.04545309106003863, 0.05279334786422456, 0.015186661944681622, 0.030024078962981322, 0.04128162719917855]\n",
            "[0.01626337854759244, 0.02460824185841054, 0.022665098653665273, 0.015513294002652292, 0.020769304812866873, 0.028817669659967283, 0.03316858057591362, 0.025686802403478155, 0.05216621707002011, 0.06982396820459279]\n",
            "[0.01569712934815482, 0.023776499929463686, 0.022041583614003327, 0.014684476616056038, 0.02189194840956409, 0.03115927977534735, 0.03569326232092263, 0.023856879613926033, 0.049065398172710585, 0.06484972233827017]\n",
            "[0.01273343917471638, 0.01989862357071903, 0.016819968888593353, 0.015249151842840295, 0.05410780187618569, 0.053238712077538754, 0.06477211710044724, 0.017511380111640877, 0.029856039791058987, 0.04760086634871252]\n",
            "[0.019927774733707052, 0.029923455829644154, 0.027941741603185074, 0.018367811501229306, 0.030647605936190946, 0.04394623526550045, 0.04991549508158795, 0.012954226610463299, 0.0262709930384972, 0.03411438214574183]\n",
            "[0.011905044370794432, 0.018524977835498963, 0.015806176679189272, 0.013914323757336311, 0.045892109274634656, 0.04688598464263353, 0.056705719398638256, 0.02187516998587308, 0.038019600781641766, 0.0594628770670515]\n"
          ]
        }
      ]
    }
  ]
}