{
  "nbformat": 4,
  "nbformat_minor": 0,
  "metadata": {
    "colab": {
      "name": "joint_probability_network.ipynb",
      "provenance": [],
      "collapsed_sections": [],
      "authorship_tag": "ABX9TyNb0vMTfAwdBkVt0OGE5bHX",
      "include_colab_link": true
    },
    "kernelspec": {
      "name": "python3",
      "display_name": "Python 3"
    },
    "language_info": {
      "name": "python"
    }
  },
  "cells": [
    {
      "cell_type": "markdown",
      "metadata": {
        "id": "view-in-github",
        "colab_type": "text"
      },
      "source": [
        "<a href=\"https://colab.research.google.com/github/hihohub/umbrella-networks/blob/main/joint_probability_network.ipynb\" target=\"_parent\"><img src=\"https://colab.research.google.com/assets/colab-badge.svg\" alt=\"Open In Colab\"/></a>"
      ]
    },
    {
      "cell_type": "markdown",
      "source": [
        "JOINT PROBABILITY NETWORK\n",
        "- using just one folder structure (hierarchical for an umbrella network), the program also makes a general softmax model from the bottom level folders, then combines the predictions of the general model with the predictions of the top level umbrella model\n",
        "- their predictions are combined with joint probability multiplication"
      ],
      "metadata": {
        "id": "6byVtOsXVqQ8"
      }
    },
    {
      "cell_type": "code",
      "execution_count": 1,
      "metadata": {
        "colab": {
          "base_uri": "https://localhost:8080/"
        },
        "id": "ONDnQ-hJUJlF",
        "outputId": "e35efb53-7785-47a8-af15-09e7d79d5b0b"
      },
      "outputs": [
        {
          "output_type": "stream",
          "name": "stdout",
          "text": [
            "Mounted at /content/drive\n"
          ]
        }
      ],
      "source": [
        "from google.colab import drive\n",
        "drive.mount(\"/content/drive\")"
      ]
    },
    {
      "cell_type": "code",
      "source": [
        "! wget https://raw.githubusercontent.com/hihohub/umbrella-networks/main/umbrella.py"
      ],
      "metadata": {
        "colab": {
          "base_uri": "https://localhost:8080/"
        },
        "id": "hGDve97aaf5o",
        "outputId": "059cb0a6-e576-4b32-f036-3539452622fa"
      },
      "execution_count": 2,
      "outputs": [
        {
          "output_type": "stream",
          "name": "stdout",
          "text": [
            "--2022-04-15 05:05:58--  https://raw.githubusercontent.com/hihohub/umbrella-networks/main/umbrella.py\n",
            "Resolving raw.githubusercontent.com (raw.githubusercontent.com)... 185.199.108.133, 185.199.109.133, 185.199.110.133, ...\n",
            "Connecting to raw.githubusercontent.com (raw.githubusercontent.com)|185.199.108.133|:443... connected.\n",
            "HTTP request sent, awaiting response... 200 OK\n",
            "Length: 48219 (47K) [text/plain]\n",
            "Saving to: ‘umbrella.py’\n",
            "\n",
            "\rumbrella.py           0%[                    ]       0  --.-KB/s               \rumbrella.py         100%[===================>]  47.09K  --.-KB/s    in 0.001s  \n",
            "\n",
            "2022-04-15 05:05:58 (34.0 MB/s) - ‘umbrella.py’ saved [48219/48219]\n",
            "\n"
          ]
        }
      ]
    },
    {
      "cell_type": "code",
      "source": [
        "from umbrella import Umbrella_Network,Umbrella_Label,Umbrella_Node,Joint_Probability_Network"
      ],
      "metadata": {
        "id": "PCkYzF4gbKqP"
      },
      "execution_count": 3,
      "outputs": []
    },
    {
      "cell_type": "code",
      "source": [
        "import os\n",
        "import sys\n",
        "import numpy as np\n",
        "import math\n",
        "import random\n",
        "from PIL import Image, ImageOps, ImageChops\n",
        "import cv2\n",
        "import tensorflow as tf\n",
        "from tensorflow.keras.preprocessing import image\n",
        "from tensorflow.keras.models import Sequential, Model, load_model\n",
        "from tensorflow.keras.layers import Input, Conv2D, MaxPool2D, Flatten, Dense, add, BatchNormalization, Dropout, AveragePooling2D, GlobalAveragePooling2D, SeparableConv2D\n",
        "from tensorflow.keras.utils import to_categorical\n",
        "from tensorflow.python.framework.ops import disable_eager_execution\n",
        "from tensorflow.keras import backend as backend\n",
        "from keras.callbacks import ReduceLROnPlateau\n",
        "from sklearn.utils import shuffle\n",
        "import matplotlib.pyplot as plt\n",
        "import pickle\n",
        "import copy\n",
        "import time"
      ],
      "metadata": {
        "id": "NKZG7Q4MbvQd"
      },
      "execution_count": 4,
      "outputs": []
    },
    {
      "cell_type": "code",
      "metadata": {
        "id": "vv4sXH7qbbSb"
      },
      "source": [
        "network_type = 'softmax'\n",
        "images_folder = \"/content/drive/My Drive/5390/project/small_hierarchy\"\n",
        "serial_file = \"/content/drive/My Drive/Colab Notebooks/small_hierarchy.dat\"\n",
        "models_folder = \"/content/drive/My Drive/Colab Notebooks/models\"\n",
        "target_image_size = 30\n",
        "levels = 1 # not used, set automatically to 1 and 0\n",
        "channels = 3\n",
        "valid_ratio = 0.1 # validation set\n",
        "test_ratio = 0.0 # test set\n",
        "initialize_now = True\n",
        "Model = Joint_Probability_Network(network_type,images_folder,serial_file,models_folder,target_image_size,channels,levels,valid_ratio,test_ratio,initialize_now)"
      ],
      "execution_count": 5,
      "outputs": []
    },
    {
      "cell_type": "code",
      "source": [
        "Model.traverse_training_data()"
      ],
      "metadata": {
        "id": "2JM4xY-9tbwm",
        "colab": {
          "base_uri": "https://localhost:8080/"
        },
        "outputId": "0b551eff-2a51-4af6-8014-d758afcd72a9"
      },
      "execution_count": 6,
      "outputs": [
        {
          "output_type": "stream",
          "name": "stdout",
          "text": [
            "specialist\n",
            "small_hierarchy trainX 154 (154,) trainY 154 (154, 3)\n",
            "   animals trainX 0 (0,) trainY 0 (0,)\n",
            "      alligator trainX 0 (0,) trainY 0 (0,)\n",
            "      mammals trainX 0 (0,) trainY 0 (0,)\n",
            "      salamanders trainX 0 (0,) trainY 0 (0,)\n",
            "      snake trainX 0 (0,) trainY 0 (0,)\n",
            "   objects trainX 0 (0,) trainY 0 (0,)\n",
            "      automobiles trainX 0 (0,) trainY 0 (0,)\n",
            "      bicycles trainX 0 (0,) trainY 0 (0,)\n",
            "      boats trainX 0 (0,) trainY 0 (0,)\n",
            "   plants trainX 0 (0,) trainY 0 (0,)\n",
            "      cactus trainX 0 (0,) trainY 0 (0,)\n",
            "      hedges trainX 0 (0,) trainY 0 (0,)\n",
            "      shrubs trainX 0 (0,) trainY 0 (0,)\n",
            "generalist\n",
            "small_hierarchy trainX 154 (154,) trainY 154 (154, 10)\n",
            "   alligator trainX 0 (0,) trainY 0 (0,)\n",
            "   mammals trainX 0 (0,) trainY 0 (0,)\n",
            "   salamanders trainX 0 (0,) trainY 0 (0,)\n",
            "   snake trainX 0 (0,) trainY 0 (0,)\n",
            "   automobiles trainX 0 (0,) trainY 0 (0,)\n",
            "   bicycles trainX 0 (0,) trainY 0 (0,)\n",
            "   boats trainX 0 (0,) trainY 0 (0,)\n",
            "   cactus trainX 0 (0,) trainY 0 (0,)\n",
            "   hedges trainX 0 (0,) trainY 0 (0,)\n",
            "   shrubs trainX 0 (0,) trainY 0 (0,)\n"
          ]
        }
      ]
    },
    {
      "cell_type": "code",
      "source": [
        "Model.make_models()"
      ],
      "metadata": {
        "id": "rZEyM1TUtfJV",
        "colab": {
          "base_uri": "https://localhost:8080/"
        },
        "outputId": "c1c44ff6-99d8-4c56-bd34-0d9bad0c2bfd"
      },
      "execution_count": 7,
      "outputs": [
        {
          "output_type": "stream",
          "name": "stdout",
          "text": [
            "making models for specialist\n",
            "making model for small_hierarchy\n",
            "making modes for generalist\n",
            "making model for small_hierarchy\n"
          ]
        }
      ]
    },
    {
      "cell_type": "code",
      "source": [
        "Model.train_models(eps=1,batch=10,aug=False,vrb=True)"
      ],
      "metadata": {
        "id": "xZ10W-ZsthvZ",
        "colab": {
          "base_uri": "https://localhost:8080/"
        },
        "outputId": "97cf341d-cb10-4bc7-c843-4f1850c35c30"
      },
      "execution_count": 8,
      "outputs": [
        {
          "output_type": "stream",
          "name": "stdout",
          "text": [
            "training specialist\n",
            "training model for small_hierarchy\n",
            "trainX 154\n",
            "trainY 154\n",
            "16/16 [==============================] - 1s 10ms/step - loss: 1.0875 - accuracy: 0.4610\n",
            "training generalist\n",
            "training model for small_hierarchy\n",
            "trainX 154\n",
            "trainY 154\n",
            "16/16 [==============================] - 1s 10ms/step - loss: 2.2986 - accuracy: 0.1234\n"
          ]
        }
      ]
    },
    {
      "cell_type": "code",
      "source": [
        "Model.predict_validation_set()"
      ],
      "metadata": {
        "id": "BS-5H4AAtmXv",
        "colab": {
          "base_uri": "https://localhost:8080/"
        },
        "outputId": "46d17ac4-3958-4fb3-b7fc-edd2ab2192a3"
      },
      "execution_count": 9,
      "outputs": [
        {
          "output_type": "stream",
          "name": "stdout",
          "text": [
            "validation accuracy\n",
            "specialist\n",
            "expected [[1, 0, 0], [1, 0, 0], [1, 0, 0], [1, 0, 0], [1, 0, 0], [0, 1, 0], [0, 1, 0], [0, 1, 0], [0, 1, 0], [0, 1, 0], [0, 1, 0], [0, 0, 1], [0, 0, 1], [0, 0, 1], [0, 0, 1], [0, 0, 1], [0, 0, 1]]\n",
            "predicted [[0.23901524799532758, 0.20466032084502983, 0.5563244311596425], [0.30466893621072566, 0.18700332461819819, 0.5083277391710761], [0.24775928403756708, 0.2023086873633195, 0.5499320285991134], [0.33204275566970687, 0.17964137070457417, 0.48831587362571904], [0.22879535671000353, 0.20740887293355173, 0.5637957703564447], [0.3010459398381826, 0.1879776984122483, 0.5109763617495692], [0.19235013929029246, 0.5228618883343682, 0.2847879723753393], [0.15779314407147094, 0.42892623618489956, 0.41328061974362956], [0.1809752354386055, 0.32708307066753584, 0.4919416938938587], [0.19046414178979132, 0.29180064260997207, 0.5177352156002367], [0.19336469213279606, 0.28101557897704665, 0.5256197288901572], [0.27910390917307454, 0.1938788193270664, 0.5270172714998589], [0.25016695627987784, 0.2016611645682794, 0.5481718791518428], [0.2934957910724619, 0.19000824615285608, 0.516495962774682], [0.2369013468679079, 0.2052288364188737, 0.5578698167132183], [0.3030376456504515, 0.1874420462201458, 0.5095203081294027], [0.23692855551198594, 0.20522151888746182, 0.5578499256005522]]\n",
            "accuracy 0.471\n",
            "generalist\n",
            "expected [[1, 0, 0, 0, 0, 0, 0, 0, 0, 0], [0, 1, 0, 0, 0, 0, 0, 0, 0, 0], [0, 1, 0, 0, 0, 0, 0, 0, 0, 0], [0, 0, 1, 0, 0, 0, 0, 0, 0, 0], [0, 0, 0, 1, 0, 0, 0, 0, 0, 0], [0, 0, 0, 0, 1, 0, 0, 0, 0, 0], [0, 0, 0, 0, 1, 0, 0, 0, 0, 0], [0, 0, 0, 0, 0, 1, 0, 0, 0, 0], [0, 0, 0, 0, 0, 1, 0, 0, 0, 0], [0, 0, 0, 0, 0, 0, 1, 0, 0, 0], [0, 0, 0, 0, 0, 0, 1, 0, 0, 0], [0, 0, 0, 0, 0, 0, 0, 1, 0, 0], [0, 0, 0, 0, 0, 0, 0, 0, 1, 0], [0, 0, 0, 0, 0, 0, 0, 0, 1, 0], [0, 0, 0, 0, 0, 0, 0, 0, 0, 1], [0, 0, 0, 0, 0, 0, 0, 0, 0, 1], [0, 0, 0, 0, 0, 0, 0, 0, 0, 1]]\n",
            "predicted [[0.0605197266702412, 0.08193002623482856, 0.11121171197050432, 0.08172842380709702, 0.07056134310674539, 0.10548705613599943, 0.1645096732710249, 0.08331369650029351, 0.12866965048102297, 0.11206869182224273], [0.061086448937417374, 0.082955681035077, 0.10599095634859367, 0.07996650284566853, 0.07116544295944219, 0.11240456845434271, 0.166050184111673, 0.08259093513417648, 0.12004098018661166, 0.11774829998699748], [0.05830558121786562, 0.07831093111117633, 0.11960063405021977, 0.0857921401950617, 0.07040041126826872, 0.09174783821145839, 0.15849100192226712, 0.08342857014458971, 0.15088578427815597, 0.10303710760093653], [0.0606299413184468, 0.07845531294085463, 0.11178123994160498, 0.08283942819993072, 0.0704374604438622, 0.10172999081595042, 0.16480926774647217, 0.08032891154437304, 0.13330487723583417, 0.11568356981267096], [0.06079812413537799, 0.07372412177214159, 0.11268765706791539, 0.08228549719556566, 0.06771975765050098, 0.1003408898439792, 0.16526643604159527, 0.07432071336929305, 0.13457118568944618, 0.12828561723418466], [0.060992082013598015, 0.08030373162074578, 0.10910439769361548, 0.08008395317427165, 0.06897265170942823, 0.10967229961225305, 0.16579366821744726, 0.07966368766849385, 0.12318006941814415, 0.12223345887200249], [0.06251387951826043, 0.08963461447015944, 0.09129920570026973, 0.0712107568460689, 0.06940912975695424, 0.14459095756464507, 0.1699303427209654, 0.08200461985649282, 0.09045093269131474, 0.1289555608748692], [0.061028590473691316, 0.09207186730888384, 0.10248001860038868, 0.07616864971210328, 0.07059160680233247, 0.12653862305888264, 0.1658929085011039, 0.08906944546560439, 0.10594177177958501, 0.11021651829742447], [0.06271220986021167, 0.08708524139844581, 0.1036530049250408, 0.07535229376623573, 0.06810842104809295, 0.1262562184572534, 0.17046946048552356, 0.08306425829262346, 0.10423655999164454, 0.11906233177492806], [0.060716643995271415, 0.08662578868440753, 0.1064924352821661, 0.07738025096227719, 0.06875708707899848, 0.11978015989231233, 0.16504495005736328, 0.08396054581347331, 0.11291982052854653, 0.1183223177051839], [0.059796673274374296, 0.09233246077074549, 0.10391520269321797, 0.07465142627945176, 0.06792117448246045, 0.13005948732837957, 0.16254421036403427, 0.08701606197924508, 0.10470150234997869, 0.1170618004781124], [0.059269412590430635, 0.07955404469013694, 0.11421511088690979, 0.08171053173490486, 0.06821415126928139, 0.10375383544428521, 0.16111096722800933, 0.07992707359438182, 0.13288099516990828, 0.11936387739175168], [0.06324745229741939, 0.07394969904720095, 0.12542051201107893, 0.09512528014411224, 0.0750118228676315, 0.07758486750120532, 0.1375964224566204, 0.08196896371399136, 0.17192440027640543, 0.09817057968433453], [0.05869539557820589, 0.08016015575754146, 0.12369511248204222, 0.0893355422059295, 0.07255459421582032, 0.08623640819758562, 0.14672575027898072, 0.08726766265750847, 0.15955062721445246, 0.09577875141193343], [0.06023243935533909, 0.08341539713439063, 0.10935523417949197, 0.07954982065454952, 0.0691126555384961, 0.11209479208371632, 0.16372874538337967, 0.08241043254913877, 0.12161325852559703, 0.11848722459590098], [0.0589517720041311, 0.07815157592144499, 0.11368305267129299, 0.07985934180277643, 0.06574010386891323, 0.10709297014812046, 0.16024753059429023, 0.07620525048435853, 0.1292945731776952, 0.13077382932697684], [0.059214585126223775, 0.07305003480506952, 0.11761236685497178, 0.08536880217992669, 0.06873116939194383, 0.09219141526200522, 0.16096193072835535, 0.07620487277618025, 0.14884483988707856, 0.11781998298824498]]\n",
            "accuracy 0.235\n",
            "Joint probability\n",
            "expected [[1, 0, 0, 0, 0, 0, 0, 0, 0, 0], [0, 1, 0, 0, 0, 0, 0, 0, 0, 0], [0, 1, 0, 0, 0, 0, 0, 0, 0, 0], [0, 0, 1, 0, 0, 0, 0, 0, 0, 0], [0, 0, 0, 1, 0, 0, 0, 0, 0, 0], [0, 0, 0, 0, 1, 0, 0, 0, 0, 0], [0, 0, 0, 0, 1, 0, 0, 0, 0, 0], [0, 0, 0, 0, 0, 1, 0, 0, 0, 0], [0, 0, 0, 0, 0, 1, 0, 0, 0, 0], [0, 0, 0, 0, 0, 0, 1, 0, 0, 0], [0, 0, 0, 0, 0, 0, 1, 0, 0, 0], [0, 0, 0, 0, 0, 0, 0, 1, 0, 0], [0, 0, 0, 0, 0, 0, 0, 0, 1, 0], [0, 0, 0, 0, 0, 0, 0, 0, 1, 0], [0, 0, 0, 0, 0, 0, 0, 0, 0, 1], [0, 0, 0, 0, 0, 0, 0, 0, 0, 1], [0, 0, 0, 0, 0, 0, 0, 0, 0, 1]]\n",
            "predicted [[0.0678868980021046, 0.0742472184779183, 0.08392158404146884, 0.07418463338598437, 0.06785835449355795, 0.07690070472449308, 0.09500360458126209, 0.11860954100829331, 0.1844581319289708, 0.15692932935594667], [0.06996605122982728, 0.08045177855530344, 0.09320036962014301, 0.0789307061011075, 0.0626062251009873, 0.07358919301477014, 0.09080895421453573, 0.11419055686033092, 0.17018136404043033, 0.16607480126256424], [0.07186269541091066, 0.07723621509337801, 0.08963098456869636, 0.07934735998203725, 0.07165062917984254, 0.07629708599526024, 0.09285905483103847, 0.11353234203299696, 0.1947666032972234, 0.1328170296086163], [0.07418474321082215, 0.08304837339725851, 0.10255843247687006, 0.08538599645913182, 0.06432552262710368, 0.07160400700507018, 0.08887519761250304, 0.10676850378611054, 0.1748548992633871, 0.148394324161743], [0.06798841252636055, 0.07131223804149106, 0.08234725252460104, 0.07360270474948022, 0.06813709308465535, 0.07599892719376403, 0.09444843036815008, 0.10681518395915472, 0.1848116663161832, 0.17453809123615976], [0.07023629617592575, 0.07890093718022434, 0.09384834545381776, 0.07879655069161087, 0.06304779663052328, 0.07347731505290601, 0.09074615013239135, 0.10983394943416692, 0.1713816799051328, 0.1697309793433009], [0.07003634953669985, 0.07495719993298282, 0.0752702495082821, 0.07157808750180325, 0.09605142582907994, 0.16022174251332885, 0.19037853627721726, 0.08116492935162209, 0.08374640589952571, 0.0965950736494582], [0.0644817918614911, 0.06982543677202979, 0.07171441304889035, 0.06703480793598768, 0.09019667844248488, 0.13322316009393642, 0.1752796830835696, 0.10029948709262557, 0.1123360700222959, 0.11560847164668876], [0.05903170786390358, 0.06481143452371321, 0.06906005059809067, 0.061961711664414644, 0.07440218266511436, 0.11130149808930158, 0.1511818241455911, 0.11028442967809021, 0.13750034198242847, 0.160464818789352], [0.060878600591612736, 0.06723420690528496, 0.07255347326715383, 0.06489349141580347, 0.07223353102885102, 0.09746579415016929, 0.1271397849891759, 0.11568767126973138, 0.15642825265202046, 0.16548519373019696], [0.061512158406784465, 0.06976568908364182, 0.07296394360413051, 0.0651518042914886, 0.07150874940857876, 0.10142140425766372, 0.12175093485562567, 0.12189698366852655, 0.14682094999710332, 0.1672073824264565], [0.07027652751157858, 0.07764158728156181, 0.09205671914030687, 0.07846861705656998, 0.06629036822571287, 0.07483928968556756, 0.09102236565271488, 0.11025092672073135, 0.18019590334981414, 0.15895769537544194], [0.07538596789142417, 0.07798070782760773, 0.0917631878572248, 0.0833808155881474, 0.0747262183333475, 0.07521791456609901, 0.08765007540844834, 0.10891468531615747, 0.20312692140500166, 0.12185350580654182], [0.0749112846219165, 0.08211413108631975, 0.09891993215159586, 0.0854006397806659, 0.07124762555654457, 0.0739985590619475, 0.08749109400538986, 0.11240460822477527, 0.19367112587120935, 0.1198409996396355], [0.06581290888492937, 0.07290553978442288, 0.08175151837558028, 0.07167190263260213, 0.065708452360476, 0.07744873940955332, 0.09435786225010619, 0.11882638880096189, 0.17861409202764877, 0.17290259547371922], [0.07074079527956319, 0.078740221285062, 0.09600629358157636, 0.07949412675379991, 0.06387799229838126, 0.07367760852477871, 0.08851349150206557, 0.10406582235070669, 0.1712452627209298, 0.1736383857031366], [0.0709182345366991, 0.07436851327652381, 0.08666418959432858, 0.07758158228740338, 0.07099586058950719, 0.07612632458721869, 0.09340294351620551, 0.10715525268215437, 0.19277574824750582, 0.15001135068245364]]\n",
            "accuracy 0.176\n"
          ]
        }
      ]
    }
  ]
}